0 0.784012 0.793026 0.093390 0.413072
0 0.666352 0.757967 0.075259 0.329506
0 0.078599 0.768157 0.054382 0.310208
0 0.151444 0.755259 0.091792 0.449041
0 0.472592 0.750158 0.035867 0.211268
0 0.568628 0.734416 0.043078 0.228087
0 0.223404 0.728891 0.039514 0.194209
0 0.437544 0.741357 0.037694 0.236743
0 0.890159 0.771943 0.117717 0.450529
0 0.265493 0.742272 0.053475 0.235498
0 0.307769 0.703838 0.037541 0.180897
0 0.347637 0.740309 0.044287 0.229784
0 0.870077 0.770838 0.079878 0.456153
0 0.503503 0.738047 0.037170 0.227757
0 0.618964 0.709364 0.033713 0.170117
0 0.533071 0.735443 0.032585 0.218315