0 0.301155 0.332181 0.056531 0.284147
0 0.588151 0.895320 0.144232 0.209361
0 0.387277 0.779246 0.183623 0.433337
0 0.503351 0.631138 0.123425 0.487772
0 0.371434 0.432921 0.097986 0.278320
0 0.750808 0.872336 0.158961 0.255328
0 0.672290 0.595465 0.124607 0.491727
0 0.730074 0.722101 0.141786 0.489089
0 0.444524 0.434855 0.066182 0.278183
0 0.961216 0.809435 0.076847 0.377524
0 0.420798 0.588538 0.080176 0.228200
0 0.861899 0.660482 0.073908 0.369365
0 0.421227 0.319001 0.037329 0.167581
0 0.818516 0.576094 0.075340 0.329420