0 0.785348 0.834221 0.176206 0.330154
0 0.769840 0.641718 0.057883 0.274446
0 0.017066 0.879828 0.034026 0.237913
0 0.340848 0.686365 0.074438 0.324803
0 0.119011 0.787069 0.075076 0.180289
0 0.946720 0.734381 0.105917 0.512227
0 0.869182 0.906166 0.112661 0.187669
0 0.907797 0.598352 0.076585 0.377971
0 0.288070 0.729156 0.066562 0.333604
0 0.247035 0.749049 0.070879 0.325061
0 0.069184 0.938820 0.072295 0.122360
0 0.952545 0.829763 0.094037 0.331390
0 0.939036 0.601498 0.076993 0.274218
0 0.064986 0.776447 0.042806 0.169163
0 0.881965 0.508816 0.062464 0.283122