0 0.164361 0.730280 0.142486 0.495465
0 0.326512 0.766581 0.227549 0.451253
0 0.174633 0.888215 0.115401 0.222066
0 0.412492 0.531425 0.082715 0.443070
0 0.050236 0.880512 0.099289 0.237121
0 0.311630 0.508443 0.165496 0.306730
0 0.584988 0.805728 0.227592 0.376281
0 0.604181 0.634968 0.113894 0.266197
0 0.841796 0.738005 0.071773 0.231015
0 0.641584 0.803006 0.116005 0.378712
0 0.935962 0.781298 0.114700 0.283740
0 0.565652 0.839719 0.190684 0.317717
0 0.366263 0.383042 0.051603 0.170667
0 0.664236 0.517768 0.069522 0.240695
0 0.643735 0.522492 0.115735 0.248556
0 0.774614 0.639305 0.173886 0.374601
0 0.479942 0.678751 0.118472 0.596394
0 0.830164 0.606070 0.082664 0.271145