0 0.775878 0.790417 0.089103 0.409688
0 0.648345 0.771031 0.082586 0.347264
0 0.101872 0.746279 0.110129 0.493801
0 0.913190 0.770348 0.111006 0.455521
0 0.364936 0.712797 0.034899 0.172680
0 0.478534 0.738573 0.044710 0.235688
0 0.856236 0.717302 0.042834 0.273960
0 0.235447 0.723802 0.058462 0.249579
0 0.326008 0.707386 0.036548 0.187064
0 0.565841 0.735649 0.039955 0.220636
0 0.427746 0.748013 0.061133 0.234355
0 0.695150 0.711783 0.027759 0.156214
0 0.266309 0.720110 0.028111 0.199367
0 0.505606 0.733810 0.026743 0.215873
0 0.545096 0.715907 0.029413 0.193500
0 0.440061 0.753477 0.042664 0.220399