0 0.465829 0.912424 0.197803 0.173328
0 0.267170 0.690030 0.128236 0.591815
0 0.422537 0.583374 0.082086 0.593306
0 0.351791 0.689359 0.088359 0.598261
0 0.570802 0.582036 0.090688 0.505746
0 0.501095 0.580657 0.104426 0.549963
0 0.743670 0.860601 0.151807 0.275754
0 0.819469 0.595576 0.072130 0.367242
0 0.758554 0.603042 0.107513 0.345155
0 0.660130 0.612183 0.087383 0.508175
0 0.360755 0.414288 0.052830 0.180762
0 0.942275 0.806493 0.113493 0.374359
0 0.140122 0.880653 0.094829 0.229455
0 0.716990 0.563022 0.068691 0.392201