0 0.458126 0.535566 0.109747 0.572528
0 0.679134 0.382439 0.105569 0.285593
0 0.117693 0.451594 0.081119 0.514283
0 0.537739 0.449445 0.068678 0.486058
0 0.394566 0.329082 0.084157 0.483579
0 0.760666 0.471052 0.059336 0.395950
0 0.623878 0.375588 0.049310 0.244241
0 0.136944 0.252763 0.034911 0.281207
0 0.593688 0.350274 0.059477 0.307638
0 0.733624 0.405685 0.048599 0.289061
0 0.478957 0.831805 0.158999 0.330692
0 0.256993 0.231866 0.035094 0.158621
0 0.293053 0.249712 0.051802 0.254461
0 0.472070 0.271077 0.093977 0.250668