0 0.785033 0.792240 0.094367 0.411008
0 0.648457 0.762204 0.071795 0.351558
0 0.131093 0.725518 0.112392 0.439858
0 0.895226 0.769003 0.116917 0.453634
0 0.492008 0.738615 0.040683 0.232099
0 0.226576 0.718986 0.064425 0.239432
0 0.602250 0.735992 0.041475 0.235421
0 0.463623 0.755597 0.033272 0.195340
0 0.548254 0.732141 0.042852 0.228504
0 0.322712 0.705100 0.035462 0.188618
0 0.429619 0.745929 0.035516 0.226194
0 0.357953 0.707445 0.028982 0.173070
0 0.377174 0.747548 0.046164 0.232047
0 0.518808 0.706456 0.025041 0.169261
0 0.260623 0.727775 0.035647 0.206625
0 0.689139 0.709669 0.026364 0.158344