0 0.784862 0.792343 0.093196 0.414267
0 0.649031 0.756793 0.075000 0.338694
0 0.875730 0.768792 0.089564 0.453433
0 0.132394 0.733013 0.097504 0.446031
0 0.275231 0.744497 0.049652 0.236566
0 0.441022 0.744116 0.038309 0.230261
0 0.510507 0.741073 0.040119 0.236777
0 0.583894 0.730117 0.055136 0.233510
0 0.236790 0.732435 0.037805 0.189414
0 0.355405 0.745892 0.043790 0.231811
0 0.476161 0.762803 0.034762 0.192700
0 0.312024 0.703900 0.030116 0.189589
0 0.401637 0.722689 0.023194 0.104639
0 0.091914 0.772650 0.050107 0.334975
0 0.592649 0.735310 0.038480 0.227715
0 0.544177 0.734128 0.039515 0.215333