0 0.205970 0.772297 0.148724 0.444071
0 0.089590 0.813630 0.096158 0.357449
0 0.643521 0.762535 0.110640 0.460069
0 0.321911 0.726826 0.141200 0.536043
0 0.467291 0.587903 0.122030 0.363870
0 0.176622 0.880897 0.162074 0.235693
0 0.534295 0.783556 0.137196 0.415242
0 0.910252 0.876881 0.109711 0.246238
0 0.467991 0.691674 0.124557 0.559977
0 0.439871 0.440298 0.067938 0.347984
0 0.281335 0.525921 0.077928 0.233166
0 0.673293 0.530252 0.076501 0.258089
0 0.353524 0.485276 0.093736 0.221054
0 0.842179 0.618859 0.080868 0.350554
0 0.577660 0.511974 0.112685 0.269682
0 0.716834 0.477966 0.046948 0.145645
0 0.146886 0.881138 0.125664 0.232195