0 0.317994 0.773306 0.175446 0.452948
0 0.115629 0.516209 0.112705 0.400618
0 0.797841 0.845952 0.149247 0.307909
0 0.797842 0.570875 0.123586 0.401145
0 0.494734 0.910588 0.122521 0.177519
0 0.252531 0.451423 0.101621 0.360520
0 0.399660 0.395208 0.128368 0.320742
0 0.660867 0.763938 0.110437 0.471673
0 0.629821 0.541808 0.152259 0.422641
0 0.521769 0.243722 0.070079 0.134883
0 0.473568 0.331235 0.067856 0.340416
0 0.901992 0.531167 0.088844 0.290249
0 0.887702 0.802738 0.102739 0.380420
0 0.082091 0.327775 0.042853 0.135419
0 0.800117 0.320560 0.083195 0.122482
0 0.780203 0.066680 0.040763 0.086890