0 0.261711 0.665298 0.241166 0.646624
0 0.608475 0.698287 0.137779 0.582747
0 0.138780 0.799406 0.192876 0.389409
0 0.514977 0.694501 0.150566 0.590519
0 0.398611 0.679819 0.101055 0.594570
0 0.720238 0.753785 0.168871 0.478892
0 0.595211 0.410202 0.061998 0.187851
0 0.518713 0.389590 0.048587 0.170118
0 0.829997 0.624531 0.080174 0.307089
0 0.477975 0.331779 0.063172 0.182106
0 0.536092 0.641857 0.123653 0.480915
0 0.475944 0.683840 0.100154 0.590596
0 0.528681 0.399059 0.069744 0.187772
0 0.907173 0.770810 0.148623 0.445582
0 0.714343 0.365673 0.039212 0.109329
0 0.745036 0.852954 0.126339 0.291410
0 0.329227 0.671636 0.109602 0.645605
0 0.895092 0.668785 0.097275 0.234051
0 0.210582 0.139268 0.079936 0.194716