0 0.652734 0.764472 0.086262 0.362688
0 0.788858 0.791993 0.087516 0.408502
0 0.090001 0.734105 0.118892 0.503448
0 0.246235 0.740976 0.059244 0.279337
0 0.854053 0.717408 0.047486 0.290710
0 0.902359 0.774823 0.095322 0.446519
0 0.426705 0.757578 0.043231 0.194429
0 0.329574 0.708900 0.039316 0.184464
0 0.386870 0.745303 0.034106 0.224398
0 0.569154 0.729814 0.047772 0.242235
0 0.361252 0.714101 0.029375 0.176789
0 0.698877 0.713664 0.025786 0.160766
0 0.472789 0.755395 0.047412 0.252080
0 0.506666 0.736396 0.033170 0.213591
0 0.529363 0.707395 0.026418 0.164108